08810110203
08810110204
08810110205
08810110206
08810110207
08810110208
08810110209
08810110210
08810110211
08810110212
08810110213
08810110214
08810110215
08810110216
08810110217
08810110218
08810110219
08810110220
08810110221
08810110222
08810110223
08810110224
08810110225
08810110226
08810110227
08810110228
08810110229
08810110230
08810110231
08810110232
08810110233
08810110234
08810110235
08810110236
08810110237
08810110238
08810110239
08810110240
08810110241
08810110242
08810110243
08810110244
08810110245
08810110246
08810110247
08810110248
08810110249
08810110250
